#pressure (psi), stiffness trial 1 (N/mm), stiffness trial 2 (N/mm), stiffness trial 3 (N/mm), stiffness trial 4 (N/mm), stiffness trial 5 (N/mm), stiffness trial 6 (N/mm)
0.0 0.035516086 0.034057937 0.036441798 0.035520385 0.034057846 0.036441646
0.1 0.036169260 0.035300114 0.037177646 0.036171669 0.035299975 0.037178855
0.2 0.036741448 0.036152385 0.037828386 0.036741448 0.036152702 0.037828245
0.3 0.037648370 0.036802169 0.038453367 0.037651508 0.036540222 0.038453102
0.4 0.038221412 0.037529015 0.039052851 0.038222147 0.037527986 0.039052920
0.5 0.038868731 0.038234101 0.039650642 0.038868715 0.038234337 0.039650413
0.6 0.039307160 0.039110076 0.040255954 0.039517869 0.039272047 0.040255794
0.7 0.039878050 0.039794479 0.040872118 0.039878510 0.039979172 0.040872204
0.8 0.040537393 0.041027384 0.041499897 0.040537458 0.041255144 0.041499796
0.9 0.041440038 0.041028480 0.042109166 0.041440240 0.040397186 0.042107047
1.0 0.042119031 0.041545937 0.042745808 0.042119177 0.041546031 0.042744510
