#pressure (psi), stiffness trial 1 (N/mm), stiffness trial 2 (N/mm), stiffness trial 3 (N/mm), stiffness trial 4 (N/mm), stiffness trial 5 (N/mm), stiffness trial 6 (N/mm)
0.0 0.047477867 0.042572979 0.046318974 0.047477910 0.042573080 0.046021253
0.1 0.047147164 0.043866825 0.047667706 0.046857968 0.043866649 0.047667413
0.2 0.047714146 0.044239014 0.048025641 0.047714331 0.044515146 0.048025771
0.3 0.048199786 0.044805262 0.048611147 0.048199942 0.045083930 0.048610915
0.4 0.048332733 0.046110490 0.049248094 0.048013534 0.046398578 0.049248236
0.5 0.049710170 0.046662131 0.050199306 0.048454948 0.046663074 0.050199269
0.6 0.050086893 0.047113551 0.050865596 0.050086805 0.047113424 0.050865534
0.7 0.049370555 0.047304736 0.051512752 0.049702501 0.047594239 0.051512744
0.8 0.049829759 0.048529705 0.052122070 0.049829786 0.048529296 0.052122255
0.9 0.050180051 0.049072330 0.052682014 0.050179938 0.049072413 0.052681981
1.0 0.051037376 0.049646579 0.052909148 0.051037053 0.049646447 0.053249638
