#pressure (psi), stiffness trial 1 (N/mm), stiffness trial 2 (N/mm), stiffness trial 3 (N/mm), stiffness trial 4 (N/mm), stiffness trial 5 (N/mm), stiffness trial 6 (N/mm)
0.0 0.049726201 0.049616901 0.050407694 0.049726461 0.049617090 0.050407511
0.1 0.050429839 0.050735031 0.051319622 0.050429721 0.050734865 0.051333408
0.2 0.050205173 0.050874026 0.051322950 0.050488688 0.050872314 0.051317360
0.3 0.050310925 0.050892579 0.051290616 0.050310907 0.050892968 0.051262540
0.4 0.050071475 0.050582928 0.051460891 0.050351345 0.050582650 0.051468793
0.5 0.050048922 0.050131895 0.051778241 0.050048755 0.050136486 0.051784654
0.6 0.049948957 0.050225243 0.051846338 0.049948680 0.050224529 0.052083973
0.7 0.050116133 0.050278621 0.052441925 0.050097616 0.050278273 0.052666869
0.8 0.050282526 0.050229286 0.052359837 0.050279447 0.050938609 0.052906168
0.9 0.050342005 0.051343083 0.053141305 0.050342162 0.050890086 0.053141560
1.0 0.049434252 0.051649072 0.053666726 0.049433996 0.051648681 0.053666628
