#pressure (psi), stiffness trial 1 (N/mm), stiffness trial 2 (N/mm), stiffness trial 3 (N/mm), stiffness trial 4 (N/mm), stiffness trial 5 (N/mm), stiffness trial 6 (N/mm)
0.0 0.034783910 0.033340499 0.035711105 0.034788288 0.033340419 0.035710876
0.1 0.035643752 0.034796471 0.036680258 0.035649382 0.034500356 0.036677412
0.2 0.036447538 0.035823312 0.037572515 0.036447886 0.035823418 0.037572359
0.3 0.037338952 0.036699843 0.038431568 0.037338987 0.036447368 0.038431765
0.4 0.038365499 0.037661739 0.039270760 0.038365127 0.037661680 0.039270553
0.5 0.039238562 0.038584405 0.040109852 0.039238423 0.038584310 0.040109582
0.6 0.040110800 0.039951477 0.040950033 0.039897078 0.039686368 0.040949847
0.7 0.040707020 0.040585633 0.041799060 0.040707095 0.040212475 0.041799086
0.8 0.041834598 0.041482246 0.042661806 0.041600444 0.041463427 0.042661943
0.9 0.042732778 0.042018371 0.043500926 0.042492973 0.042630164 0.043501498
1.0 0.043660137 0.042775641 0.044371965 0.043659910 0.042775857 0.044371734
