#pressure (psi), stiffness trial 1 (N/mm), stiffness trial 2 (N/mm), stiffness trial 3 (N/mm), stiffness trial 4 (N/mm), stiffness trial 5 (N/mm), stiffness trial 6 (N/mm)
0.0 0.055394737 0.057064199 0.053999787 0.055394620 0.057064078 0.053996762
0.1 0.053764394 0.055955268 0.052478984 0.053764450 0.055955278 0.052479144
0.2 0.053344767 0.055403264 0.052266082 0.053541690 0.055403132 0.052266189
0.3 0.054186418 0.055181490 0.052494845 0.054185989 0.055181670 0.052494918
0.4 0.053923997 0.054840222 0.053116844 0.053923780 0.054840521 0.053117241
0.5 0.054165432 0.055645513 0.053819564 0.054165917 0.055647478 0.053809758
0.6 0.054309108 0.056530840 0.054708619 0.054306927 0.056530616 0.054709448
0.7 0.055727787 0.059207050 0.055402469 0.055728088 0.059207343 0.055637070
0.8 0.056258345 0.059672571 0.056442591 0.056258541 0.061362465 0.056461328
0.9 0.057829085 0.060496626 0.057087341 0.057841005 0.062502685 0.057130714
1.0 0.060639594 0.063818190 0.057977070 0.060640029 0.063817950 0.058049775
