#pressure (psi), stiffness trial 1 (N/mm), stiffness trial 2 (N/mm), stiffness trial 3 (N/mm), stiffness trial 4 (N/mm), stiffness trial 5 (N/mm), stiffness trial 6 (N/mm)
0.0 0.058442505 0.060113379 0.056888089 0.058442614 0.060113459 0.056889731
0.1 0.055485545 0.057522076 0.053565019 0.055482963 0.057522085 0.054025335
0.2 0.053977185 0.055789984 0.052744724 0.053977079 0.055789942 0.052745151
0.3 0.052886775 0.054595351 0.052159570 0.052886756 0.054595807 0.052159511
0.4 0.052972779 0.054007760 0.051804912 0.052972608 0.054007578 0.051804978
0.5 0.052230751 0.053217857 0.051906914 0.052496081 0.053217446 0.051906734
0.6 0.051266995 0.053613538 0.052194659 0.052006825 0.053618489 0.052186501
0.7 0.051399690 0.054798468 0.052339815 0.051399292 0.054802857 0.052340210
0.8 0.052869335 0.056405290 0.052336204 0.052869072 0.056201466 0.052336269
0.9 0.054287431 0.056547847 0.052971054 0.054109413 0.056526411 0.052977697
1.0 0.054734627 0.056917241 0.053300948 0.054734808 0.056917151 0.053300409
