#pressure (psi), stiffness trial 1 (N/mm), stiffness trial 2 (N/mm), stiffness trial 3 (N/mm), stiffness trial 4 (N/mm), stiffness trial 5 (N/mm), stiffness trial 6 (N/mm)
0.0 0.035840896 0.034375143 0.036754755 0.035670524 0.034375401 0.036757473
0.1 0.036382069 0.035514962 0.037379190 0.036378369 0.035514670 0.037371970
0.2 0.036831589 0.036253755 0.037896023 0.036834377 0.036253906 0.037896260
0.3 0.037530738 0.036780341 0.038383009 0.037533895 0.036780210 0.038382765
0.4 0.038060744 0.037376250 0.038846662 0.038060009 0.037376516 0.038846395
0.5 0.038573631 0.037945539 0.039301721 0.038573613 0.037945820 0.039301758
0.6 0.038877963 0.038692501 0.039763101 0.038877969 0.038922968 0.039763062
0.7 0.039293343 0.039219787 0.040231267 0.039290188 0.039111076 0.040231349
0.8 0.040028337 0.040011592 0.040706665 0.039804406 0.040505486 0.040706765
0.9 0.040553183 0.040101534 0.041154541 0.040327108 0.040102016 0.041154648
1.0 0.041085003 0.040482330 0.041634128 0.041091429 0.040482886 0.041634334
