#pressure (psi), stiffness trial 1 (N/mm), stiffness trial 2 (N/mm), stiffness trial 3 (N/mm), stiffness trial 4 (N/mm), stiffness trial 5 (N/mm), stiffness trial 6 (N/mm)
0.0 0.047994798 0.042993989 0.046796934 0.047994791 0.042993498 0.046467390
0.1 0.047113078 0.044093682 0.047922781 0.047113625 0.044093813 0.047922637
0.2 0.047756432 0.044249422 0.048039131 0.047461826 0.044530417 0.048039021
0.3 0.048011193 0.044606984 0.048388459 0.047397995 0.044887776 0.048388555
0.4 0.048488302 0.045690576 0.048788510 0.047915550 0.045689403 0.048788514
0.5 0.049024139 0.046014222 0.049499442 0.047781036 0.046014648 0.049499486
0.6 0.047802222 0.046235568 0.049936496 0.047802033 0.046235354 0.049936155
0.7 0.048601483 0.046535630 0.050332405 0.048277121 0.046525831 0.050332357
0.8 0.048478369 0.045897364 0.050725582 0.048478775 0.046866332 0.050725489
0.9 0.048971865 0.047535035 0.051052749 0.048972292 0.047534763 0.051052966
1.0 0.049445842 0.047881403 0.051365939 0.049445436 0.047881298 0.051366009
