#pressure (psi), stiffness trial 1 (N/mm), stiffness trial 2 (N/mm), stiffness trial 3 (N/mm), stiffness trial 4 (N/mm), stiffness trial 5 (N/mm), stiffness trial 6 (N/mm)
0.0 0.048644581 0.049091347 0.049826007 0.048644834 0.049091728 0.049826057
0.1 0.050133179 0.050465635 0.051007595 0.050133253 0.050465900 0.051021332
0.2 0.050197795 0.050987061 0.051284144 0.050198046 0.050987225 0.051271458
0.3 0.050557367 0.051191971 0.051431177 0.050557128 0.051191764 0.051431010
0.4 0.050862263 0.051155034 0.051903961 0.050858160 0.050886455 0.051912822
0.5 0.050813898 0.050944639 0.052515831 0.050813809 0.050933399 0.052529819
0.6 0.050954675 0.051250096 0.052843699 0.050975422 0.051262451 0.053080595
0.7 0.051379633 0.051620138 0.053714888 0.051379457 0.051620594 0.053443228
0.8 0.051873602 0.052519554 0.053909029 0.051873716 0.052519441 0.054448808
0.9 0.052419189 0.052367097 0.054982486 0.051163579 0.052367434 0.054982384
1.0 0.052751458 0.053802798 0.055195482 0.052751654 0.053803089 0.055792707
