#pressure (psi), stiffness trial 1 (N/mm), stiffness trial 2 (N/mm), stiffness trial 3 (N/mm), stiffness trial 4 (N/mm), stiffness trial 5 (N/mm), stiffness trial 6 (N/mm)
0.0 0.046313288 0.041872188 0.044987693 0.046099357 0.041634221 0.044969930
0.1 0.046487990 0.043291617 0.047018272 0.046218878 0.043509435 0.047017982
0.2 0.047458885 0.044066864 0.047825024 0.047186146 0.044328969 0.047824909
0.3 0.048071602 0.044982092 0.048843497 0.048072070 0.045247805 0.048843343
0.4 0.048885075 0.046674148 0.049876453 0.049173728 0.046926200 0.049876343
0.5 0.050643217 0.047598704 0.051224401 0.050642902 0.047598534 0.051224527
0.6 0.051445615 0.048430374 0.052279405 0.051435312 0.048430611 0.052279254
0.7 0.051126777 0.048933025 0.053290201 0.051466855 0.048930728 0.053290027
0.8 0.051843009 0.050225549 0.054239485 0.051843335 0.050527330 0.054239298
0.9 0.052569454 0.051419015 0.055149225 0.052569616 0.051418864 0.055149031
1.0 0.053745693 0.052292259 0.056050381 0.054099522 0.052292038 0.056050153
