#pressure (psi), stiffness trial 1 (N/mm), stiffness trial 2 (N/mm), stiffness trial 3 (N/mm), stiffness trial 4 (N/mm), stiffness trial 5 (N/mm), stiffness trial 6 (N/mm)
0.0 0.057499741 0.059165038 0.055978226 0.057499594 0.059164915 0.055979746
0.1 0.055051295 0.057083735 0.053660051 0.055051171 0.057084362 0.053571471
0.2 0.053933107 0.055763683 0.052660193 0.053924920 0.055763762 0.052659962
0.3 0.054084265 0.054875567 0.052431320 0.054084094 0.054877161 0.052419770
0.4 0.053314694 0.054438197 0.052506873 0.053325455 0.054683429 0.052506949
0.5 0.053291171 0.054231099 0.052591393 0.053291092 0.053992181 0.052732957
0.6 0.053194911 0.054943775 0.053178095 0.052583287 0.054943765 0.053178212
0.7 0.052830952 0.056707563 0.053729185 0.052830941 0.056707643 0.053507366
0.8 0.054512391 0.056980598 0.053886202 0.054512912 0.058397805 0.053894860
0.9 0.056294708 0.057313528 0.054488413 0.056293320 0.057313388 0.054555563
1.0 0.057544184 0.059900122 0.055311229 0.057543757 0.059893661 0.055372432
