#pressure (psi), stiffness trial 1 (N/mm), stiffness trial 2 (N/mm), stiffness trial 3 (N/mm), stiffness trial 4 (N/mm), stiffness trial 5 (N/mm), stiffness trial 6 (N/mm)
0.0 0.047433991 0.047411565 0.048487863 0.047433736 0.047889583 0.048487950
0.1 0.049375182 0.049235303 0.050189670 0.049375056 0.049749632 0.050203184
0.2 0.050230384 0.050774393 0.051119583 0.050230495 0.050776244 0.050981164
0.3 0.050770625 0.051268930 0.051837386 0.050770677 0.051268749 0.051808529
0.4 0.051529073 0.051870470 0.052432198 0.051253320 0.052118787 0.052527767
0.5 0.051936584 0.052126531 0.053303619 0.051936470 0.052135062 0.053457564
0.6 0.052463213 0.053144832 0.054568028 0.052463106 0.053085917 0.054567860
0.7 0.053275933 0.054297061 0.055491722 0.053266549 0.053929628 0.055720939
0.8 0.053532108 0.054988189 0.056437331 0.054150518 0.054752743 0.056702323
0.9 0.054770491 0.055949222 0.057654617 0.054770389 0.055949393 0.057654467
1.0 0.054792879 0.057031480 0.058868591 0.055782243 0.057031929 0.058868494
