#a, top 1% strain 0mm fillet, top 1% strain 1mm fillet, top 1% strain 2mm fillet, top 1% strain 4mm fillet
0.0 0.231844158 0.230434903 0.208141845 0.168766359
0.1 0.228145637 0.226780263 0.205203097 0.166763302
0.1 0.224687189 0.223357380 0.202436519 0.164854882
0.1 0.221445248 0.220141503 0.199821086 0.163033868
0.2 0.218400203 0.217110048 0.197337653 0.161295050
0.2 0.215525389 0.214244685 0.194976150 0.159628731
0.3 0.212802824 0.211527427 0.192723523 0.158028093
0.3 0.210219501 0.208944551 0.190570730 0.156489544
0.4 0.207760795 0.206484106 0.188512090 0.155009835
0.5 0.205415454 0.204137815 0.186538759 0.153583997
0.5 0.203174060 0.201894346 0.184645740 0.152208469
0.6 0.201028304 0.199746717 0.182830824 0.150880658
0.6 0.198970855 0.197687489 0.181085091 0.149596168
0.7 0.196997426 0.195709739 0.179402819 0.148352417
0.7 0.195101214 0.193808352 0.177781912 0.147147695
0.8 0.193276577 0.191977413 0.176216880 0.145979538
0.8 0.191517975 0.190212414 0.174703034 0.144846462
0.8 0.189820732 0.188508741 0.173238708 0.143746781
0.9 0.188181287 0.186862422 0.171821065 0.142678362
0.9 0.186596092 0.185269964 0.170446769 0.141639044
1.0 0.185063217 0.183728196 0.169113946 0.140630032
